,Age,Gender,family_history,benefits,care_options,anonymity,leave,work_interfere
0,0.4318181818181818,0,0,2,1,2,2,2
1,0.5909090909090909,1,0,0,0,0,0,3
2,0.3181818181818182,1,0,1,0,0,1,3
3,0.29545454545454547,1,1,1,2,1,1,2
4,0.29545454545454547,1,0,2,0,0,0,1
5,0.34090909090909094,1,1,2,1,0,0,4
6,0.38636363636363635,0,1,1,0,1,1,4
7,0.4772727272727273,1,0,1,2,2,0,1
8,0.5454545454545454,0,1,2,2,1,3,4
9,0.11363636363636365,1,0,0,0,0,0,1
10,0.29545454545454547,1,0,0,0,0,0,4
11,0.25,1,0,0,1,0,0,1
12,0.5454545454545454,0,1,2,2,0,1,4
13,0.4090909090909091,1,1,0,1,0,0,1
14,0.20454545454545456,1,0,0,1,0,2,1
15,0.25,0,1,2,1,0,2,3
16,0.11363636363636365,1,0,0,0,0,4,4
17,0.3181818181818182,1,0,2,2,0,0,4
18,0.6363636363636364,1,1,2,1,2,4,4
19,0.4090909090909091,1,1,1,0,2,2,0
20,0.25,1,1,2,2,1,1,4
21,0.29545454545454547,1,0,1,0,2,1,1
22,0.6363636363636364,1,0,2,2,0,0,2
23,0.5227272727272727,1,0,0,0,0,0,1
24,0.34090909090909094,1,1,2,1,2,0,3
25,0.38636363636363635,1,1,2,2,1,4,4
26,0.34090909090909094,1,0,0,1,0,0,0
27,0.38636363636363635,0,1,2,2,0,0,3
28,0.36363636363636365,1,0,0,1,0,1,4
29,0.4318181818181818,1,0,1,0,0,3,4
30,0.3181818181818182,1,0,1,0,0,0,1
31,0.29545454545454547,1,1,1,2,0,1,3
32,0.2727272727272727,1,1,0,0,2,2,4
33,0.5454545454545454,1,1,2,2,2,4,4
34,0.5,0,0,2,2,0,0,4
35,0.20454545454545456,1,0,1,2,0,4,3
36,0.25,1,0,1,0,0,4,3
37,0.4545454545454546,1,0,1,2,0,2,0
38,0.7272727272727273,1,0,2,2,0,0,0
39,0.38636363636363635,1,0,2,2,2,4,3
40,0.13636363636363635,1,0,1,0,0,0,4
41,0.38636363636363635,1,0,2,1,0,1,0
42,0.20454545454545456,1,1,1,2,2,3,4
43,0.0,1,0,1,1,0,1,2
44,0.2727272727272727,1,0,0,0,0,0,4
45,0.4545454545454546,0,1,2,2,2,2,4
46,0.2272727272727273,1,0,0,1,0,0,0
47,0.36363636363636365,1,0,1,0,0,0,0
48,0.18181818181818182,1,0,1,2,0,0,4
49,0.2727272727272727,1,1,2,0,0,0,3
50,0.09090909090909091,1,1,1,2,2,3,2
51,0.34090909090909094,1,0,0,1,0,0,0
52,0.29545454545454547,1,0,0,0,0,0,0
53,0.3181818181818182,1,0,0,1,0,0,1
54,0.2272727272727273,1,0,1,0,0,0,0
55,0.20454545454545456,1,1,2,2,2,0,3
56,0.3181818181818182,1,1,0,0,0,2,0
57,0.13636363636363635,1,1,0,0,0,0,4
58,0.18181818181818182,1,0,1,0,2,2,0
59,0.34090909090909094,1,1,0,0,1,1,2
60,0.5909090909090909,1,1,2,0,0,0,4
61,0.18181818181818182,0,0,0,1,2,4,4
62,0.20454545454545456,1,0,2,1,0,2,1
63,0.18181818181818182,1,0,1,0,0,4,0
64,0.38636363636363635,1,0,0,0,0,2,4
65,0.5,1,1,2,2,0,0,4
66,0.11363636363636365,0,1,1,1,0,4,2
67,0.4090909090909091,1,0,2,0,0,0,4
68,0.29545454545454547,0,0,0,0,0,0,0
69,0.36363636363636365,1,0,1,0,0,0,3
70,0.2272727272727273,1,0,1,0,0,0,1
71,0.36363636363636365,1,0,0,1,0,2,1
72,0.11363636363636365,2,0,2,2,2,1,3
73,0.4545454545454546,1,0,1,0,2,2,0
74,0.34090909090909094,1,0,0,1,0,0,1
75,0.022727272727272728,1,0,1,2,1,1,0
76,0.1590909090909091,1,0,2,2,0,0,0
77,0.29545454545454547,1,1,1,0,2,1,4
78,0.3181818181818182,1,1,1,0,0,1,4
79,0.2272727272727273,1,0,0,0,0,4,1
80,0.4545454545454546,1,1,2,2,0,0,4
81,0.11363636363636365,1,0,2,1,0,4,1
82,0.2727272727272727,1,0,1,0,0,0,1
83,0.20454545454545456,0,0,2,2,2,4,2
84,0.34090909090909094,1,1,1,0,0,0,1
85,0.29545454545454547,1,0,0,1,0,0,0
86,0.4772727272727273,1,0,1,0,0,3,2
87,0.36363636363636365,0,1,2,1,0,0,3
88,0.25,0,0,2,2,0,0,4
89,0.3181818181818182,1,0,0,0,0,0,0
90,0.29545454545454547,1,0,2,2,2,2,1
91,0.5,1,0,1,2,2,3,4
92,0.36363636363636365,1,0,0,0,0,2,0
93,0.0,2,0,2,2,2,2,0
94,0.1590909090909091,0,0,2,2,0,0,4
95,0.25,1,0,0,0,0,0,1
96,0.13636363636363635,1,1,0,1,0,2,3
97,0.29545454545454547,1,1,0,0,0,0,4
98,0.34090909090909094,1,0,1,2,0,2,4
99,0.2727272727272727,1,0,1,2,2,2,2
100,0.18181818181818182,0,1,1,2,1,3,4
101,0.5909090909090909,0,0,2,1,0,0,1
102,0.1590909090909091,1,1,0,0,0,4,0
103,0.34090909090909094,1,1,2,2,2,2,4
104,0.25,1,0,2,1,0,2,1
105,0.38636363636363635,1,1,2,1,2,2,3
106,0.38636363636363635,1,1,0,1,0,2,4
107,0.2272727272727273,1,1,1,0,1,0,3
108,0.36363636363636365,1,1,2,0,0,0,1
109,0.3181818181818182,1,0,2,0,2,1,4
110,0.09090909090909091,1,0,2,2,2,0,4
111,0.2272727272727273,1,0,2,2,2,2,4
112,0.6136363636363636,1,1,2,2,2,4,3
113,0.3181818181818182,1,0,2,2,0,0,1
114,0.2272727272727273,1,0,0,0,0,0,0
115,0.18181818181818182,1,0,0,0,0,4,1
116,0.06818181818181818,1,0,1,2,2,3,2
117,0.20454545454545456,1,0,2,2,2,4,3
118,0.0,1,0,1,0,2,4,3
119,0.38636363636363635,1,0,0,1,0,0,0
120,0.25,1,0,2,2,0,0,1
121,0.1590909090909091,1,0,0,0,0,4,0
122,0.34090909090909094,1,1,0,0,2,4,4
123,0.4090909090909091,1,0,2,0,2,0,2
124,0.20454545454545456,1,0,2,1,0,3,1
125,0.20454545454545456,1,1,2,0,2,0,1
126,0.20454545454545456,1,0,1,0,0,0,0
127,0.3181818181818182,1,0,2,2,2,0,3
128,0.29545454545454547,1,1,1,0,0,2,4
129,0.022727272727272728,1,0,0,0,0,2,4
130,0.34090909090909094,1,1,2,2,0,4,4
131,0.3181818181818182,1,0,1,2,0,3,3
132,0.20454545454545456,1,0,0,1,0,0,1
133,0.4545454545454546,1,0,1,2,2,2,0
134,0.13636363636363635,1,0,0,0,0,0,1
135,0.4772727272727273,1,0,1,0,0,0,1
136,0.2272727272727273,1,0,0,0,2,4,1
137,0.4772727272727273,1,0,2,1,0,2,2
138,0.25,0,0,0,0,0,2,0
139,0.09090909090909091,1,0,0,0,0,2,0
140,0.4545454545454546,1,1,0,0,0,0,4
141,0.4318181818181818,1,0,1,2,2,3,4
142,0.38636363636363635,1,0,0,1,0,0,1
143,0.29545454545454547,1,0,2,0,0,0,0
144,0.2727272727272727,0,1,0,1,0,0,0
145,0.4318181818181818,1,1,2,2,0,2,3
146,0.13636363636363635,1,0,1,0,2,0,1
147,0.11363636363636365,1,0,1,0,1,2,4
148,0.2727272727272727,1,0,1,2,0,2,3
149,0.25,0,0,0,1,0,0,0
150,0.022727272727272728,1,1,0,1,2,2,0
151,0.3181818181818182,1,1,0,1,0,4,1
152,0.2272727272727273,1,0,1,0,0,0,3
153,0.4090909090909091,1,0,0,1,0,0,1
154,0.4318181818181818,1,1,2,2,2,1,3
155,0.1590909090909091,1,1,0,0,0,1,4
156,0.20454545454545456,1,1,0,0,0,0,4
157,0.18181818181818182,1,0,0,1,0,0,2
158,0.20454545454545456,1,0,1,2,0,1,3
159,0.1590909090909091,1,1,0,1,0,4,4
160,0.4090909090909091,1,0,2,2,2,2,4
161,0.1590909090909091,0,1,2,0,0,0,4
162,0.29545454545454547,1,0,2,0,0,0,1
163,0.18181818181818182,1,1,0,0,0,0,3
164,0.34090909090909094,0,1,1,2,2,3,4
165,0.20454545454545456,0,1,1,2,2,2,0
166,0.36363636363636365,1,0,1,0,0,4,1
167,0.5454545454545454,1,0,1,2,0,3,0
168,0.11363636363636365,1,1,1,0,0,3,4
169,0.13636363636363635,1,0,0,1,0,4,3
170,0.18181818181818182,1,0,2,2,2,2,4
171,0.29545454545454547,1,0,0,0,0,0,2
172,0.09090909090909091,1,0,0,1,0,3,1
173,0.11363636363636365,0,0,0,0,0,0,0
174,0.36363636363636365,0,1,2,2,0,2,4
175,0.29545454545454547,1,0,0,1,0,0,1
176,0.2272727272727273,1,0,1,1,2,2,0
177,0.3181818181818182,0,0,2,1,2,4,2
178,0.6136363636363636,0,0,2,0,2,1,4
179,0.34090909090909094,1,0,0,0,0,4,0
180,0.25,1,0,1,0,1,0,1
181,0.18181818181818182,0,0,1,0,0,2,4
182,0.2272727272727273,0,0,0,0,2,2,1
183,0.6136363636363636,1,0,0,1,0,0,4
184,0.5681818181818182,1,1,2,1,0,3,2
185,0.4318181818181818,1,0,2,0,0,0,0
186,0.13636363636363635,1,0,0,0,0,2,4
187,0.18181818181818182,1,0,1,2,0,2,0
188,0.11363636363636365,1,1,0,0,0,0,0
189,0.38636363636363635,0,1,2,1,2,2,1
190,0.4545454545454546,0,1,1,2,2,2,2
191,0.2272727272727273,1,1,2,0,0,2,4
192,0.2272727272727273,1,0,1,0,0,0,4
193,0.38636363636363635,1,0,1,0,2,0,3
194,0.3181818181818182,0,0,1,0,0,3,4
195,0.29545454545454547,1,1,1,0,0,2,1
196,0.38636363636363635,0,0,0,1,0,0,1
197,0.18181818181818182,1,0,2,0,2,2,3
198,0.20454545454545456,1,1,2,2,0,2,0
199,0.2272727272727273,1,1,0,0,0,0,4
200,0.20454545454545456,0,1,2,0,0,4,4
201,0.36363636363636365,0,0,2,2,2,2,4
202,0.5227272727272727,1,0,1,1,0,3,2
203,0.4318181818181818,1,0,1,2,0,3,4
204,0.36363636363636365,1,1,0,0,0,4,0
205,0.3181818181818182,1,1,0,1,0,1,4
206,0.06818181818181818,1,0,1,2,0,1,4
207,0.2727272727272727,1,0,1,2,2,2,2
208,0.13636363636363635,1,0,0,1,0,0,1
209,0.18181818181818182,1,0,1,0,1,4,0
210,0.5,0,0,2,2,2,2,0
211,0.4318181818181818,1,1,1,0,0,0,4
212,0.18181818181818182,1,0,1,0,0,0,2
213,0.3181818181818182,0,1,0,0,1,0,4
214,0.3181818181818182,0,0,2,2,2,4,4
215,0.20454545454545456,0,1,1,0,0,3,4
216,0.2727272727272727,1,0,2,2,2,3,2
217,0.29545454545454547,1,0,2,2,2,4,0
218,0.25,0,0,2,0,0,1,1
219,0.5227272727272727,1,0,2,1,0,4,0
220,0.36363636363636365,0,0,2,0,0,2,0
221,0.34090909090909094,1,0,0,0,0,0,0
222,0.2272727272727273,1,0,0,0,0,0,3
223,0.2272727272727273,1,0,1,2,2,3,4
224,0.11363636363636365,1,0,0,1,0,0,1
225,0.13636363636363635,1,0,0,0,2,4,0
226,0.3181818181818182,1,0,1,2,0,3,3
227,0.36363636363636365,1,0,0,1,0,1,4
228,0.13636363636363635,1,0,2,1,0,4,1
229,0.18181818181818182,1,0,1,2,0,0,4
230,0.4090909090909091,1,0,2,0,0,0,4
231,0.5227272727272727,1,0,2,2,0,0,3
232,0.4545454545454546,1,0,0,1,0,3,4
233,0.4545454545454546,1,0,0,1,0,0,4
234,0.2727272727272727,1,0,0,0,2,2,0
235,0.1590909090909091,1,0,1,0,0,1,1
236,0.4318181818181818,1,1,2,2,0,0,2
237,0.36363636363636365,1,1,1,0,2,1,0
238,0.4318181818181818,0,1,2,2,2,2,4
239,0.2272727272727273,0,1,2,2,2,0,4
240,0.09090909090909091,1,0,0,0,0,0,0
241,0.36363636363636365,1,1,1,0,0,1,4
242,0.34090909090909094,1,1,2,2,2,2,4
243,0.1590909090909091,1,0,1,0,2,1,0
244,0.20454545454545456,1,0,2,2,2,2,1
245,0.5,1,0,2,2,2,0,4
246,0.06818181818181818,1,0,0,0,0,0,2
247,0.25,1,0,1,0,2,4,0
248,0.3181818181818182,1,1,1,0,0,0,4
249,0.25,0,1,2,2,2,0,3
250,0.11363636363636365,1,1,0,0,2,2,4
251,0.2272727272727273,1,1,2,0,2,2,0
252,0.29545454545454547,1,1,2,2,2,4,3
253,0.20454545454545456,1,0,0,1,1,4,0
254,0.13636363636363635,1,0,0,0,0,0,4
255,0.25,1,0,1,0,0,1,2
256,0.11363636363636365,0,0,0,1,0,0,4
257,0.5454545454545454,1,0,1,2,0,2,1
258,0.13636363636363635,1,0,1,0,0,0,0
259,0.1590909090909091,1,1,1,2,1,3,2
260,0.20454545454545456,0,0,2,0,2,0,3
261,0.20454545454545456,1,0,1,2,1,3,4
262,0.2727272727272727,1,0,2,2,2,0,4
263,0.25,1,1,1,2,2,3,3
264,0.5681818181818182,1,0,1,1,0,2,0
265,0.3181818181818182,1,0,1,2,0,4,0
266,0.5227272727272727,1,0,2,2,0,4,4
267,0.3181818181818182,1,1,0,1,0,4,4
268,0.4318181818181818,0,1,2,2,2,0,2
269,0.3181818181818182,1,0,1,0,0,4,1
270,0.2727272727272727,1,0,1,0,0,1,4
271,0.11363636363636365,0,1,2,0,2,0,1
272,0.2727272727272727,1,0,2,2,2,4,0
273,0.36363636363636365,1,0,1,2,0,2,4
274,0.4545454545454546,1,0,2,0,0,0,3
275,0.34090909090909094,1,0,2,0,2,0,0
276,0.36363636363636365,1,0,2,0,0,0,0
277,0.2272727272727273,1,0,1,2,0,2,4
278,0.2272727272727273,1,0,2,2,0,4,3
279,0.11363636363636365,1,1,0,0,0,0,4
280,0.09090909090909091,1,1,0,1,0,2,4
281,0.20454545454545456,1,0,1,0,2,0,1
282,0.0,1,0,0,0,0,0,4
283,0.38636363636363635,1,1,2,2,2,1,4
284,0.1590909090909091,1,0,0,1,0,0,0
285,0.20454545454545456,1,1,1,0,2,2,4
286,0.18181818181818182,0,1,2,1,0,0,3
287,0.0,1,0,0,1,0,4,1
288,0.4545454545454546,0,0,1,2,0,0,4
289,0.18181818181818182,0,1,2,2,0,2,3
290,0.2727272727272727,1,0,1,0,1,2,1
291,0.38636363636363635,1,0,0,0,0,0,1
292,0.6136363636363636,1,1,2,2,2,0,4
293,0.3181818181818182,1,0,2,0,0,0,1
294,0.8409090909090909,1,0,2,1,0,0,1
295,0.13636363636363635,0,0,0,1,0,0,0
296,0.2727272727272727,0,1,2,2,0,4,4
297,0.9090909090909092,1,0,2,0,0,0,0
298,0.34090909090909094,1,1,2,0,0,0,4
299,0.4318181818181818,1,0,2,2,0,0,1
300,0.11363636363636365,0,0,2,2,0,0,4
301,0.29545454545454547,0,0,2,1,2,2,4
302,0.18181818181818182,1,0,2,1,0,0,3
303,0.2272727272727273,0,1,2,2,2,2,2
304,0.4318181818181818,0,0,2,2,0,2,3
305,0.18181818181818182,1,1,2,0,0,0,2
306,0.2727272727272727,2,1,2,1,0,2,3
307,0.18181818181818182,1,0,1,0,0,0,0
308,0.1590909090909091,1,0,0,1,0,0,0
309,0.20454545454545456,1,0,2,1,0,0,4
310,0.1590909090909091,1,0,0,0,0,1,2
311,0.38636363636363635,1,0,2,1,0,0,3
312,0.4090909090909091,1,0,1,2,0,2,1
313,0.18181818181818182,1,1,2,1,0,0,4
314,0.20454545454545456,1,1,0,0,0,4,0
315,0.2727272727272727,1,0,0,1,0,0,0
316,0.25,1,0,0,1,0,0,0
317,0.1590909090909091,1,0,2,2,2,4,1
318,0.09090909090909091,0,1,2,2,2,2,2
319,0.25,1,0,1,2,0,2,0
320,0.5227272727272727,1,1,2,2,2,2,3
321,0.25,1,0,2,0,0,0,4
322,0.3181818181818182,1,0,2,1,2,2,1
323,0.13636363636363635,0,1,2,2,2,0,4
324,0.1590909090909091,1,0,2,0,0,0,3
325,0.1590909090909091,1,0,0,1,0,0,0
326,0.2727272727272727,0,0,2,2,2,2,1
327,0.1590909090909091,1,1,0,1,0,0,4
328,0.2727272727272727,1,0,1,2,0,0,1
329,0.34090909090909094,1,1,1,0,0,1,3
330,0.13636363636363635,1,0,2,1,2,4,0
331,0.1590909090909091,1,1,2,2,0,0,4
332,0.29545454545454547,1,0,0,0,2,2,0
333,0.6136363636363636,1,0,1,0,0,3,2
334,0.25,1,0,1,2,0,0,0
335,0.6363636363636364,1,0,2,1,0,4,1
336,0.2727272727272727,1,0,0,0,0,0,4
337,0.25,0,0,2,1,0,4,4
338,0.13636363636363635,1,0,2,2,2,0,0
339,0.25,1,0,2,2,2,4,0
340,0.38636363636363635,1,0,0,1,0,0,0
341,0.34090909090909094,0,1,1,2,0,3,4
342,0.20454545454545456,1,0,0,1,0,4,4
343,0.4090909090909091,1,0,0,1,0,0,0
344,0.34090909090909094,1,0,0,0,0,0,3
345,0.1590909090909091,0,1,2,2,2,0,4
346,0.11363636363636365,1,1,0,0,0,0,4
347,0.7954545454545455,1,1,0,0,0,0,1
348,0.09090909090909091,1,0,0,0,0,0,4
349,0.1590909090909091,2,1,2,2,0,0,4
350,0.25,1,0,0,0,0,0,2
351,0.20454545454545456,1,0,2,2,2,0,4
352,0.2727272727272727,1,0,1,0,0,4,1
353,0.18181818181818182,1,1,2,1,0,0,2
354,0.1590909090909091,0,1,2,2,0,2,4
355,0.29545454545454547,1,0,1,2,2,0,4
356,0.34090909090909094,1,1,0,1,0,0,4
357,0.36363636363636365,1,1,2,2,2,0,4
358,0.36363636363636365,1,0,1,0,0,2,4
359,0.25,1,0,1,2,2,4,0
360,0.34090909090909094,0,0,1,0,0,1,0
361,0.36363636363636365,1,1,1,0,0,1,3
362,0.18181818181818182,1,1,1,0,1,0,3
363,0.3181818181818182,1,1,2,2,2,0,3
364,0.29545454545454547,1,0,2,2,0,0,2
365,0.2272727272727273,1,1,0,1,0,1,4
366,0.38636363636363635,1,1,2,0,2,4,0
367,0.4090909090909091,1,1,1,2,2,4,2
368,0.06818181818181818,1,1,2,0,2,0,3
369,0.06818181818181818,1,0,0,1,1,4,4
370,0.09090909090909091,0,0,2,0,2,2,0
371,0.5227272727272727,1,1,2,0,0,1,2
372,0.8181818181818182,1,1,2,2,2,4,3
373,0.3181818181818182,0,0,2,2,2,2,4
374,0.06818181818181818,0,1,0,1,0,2,3
375,0.6136363636363636,1,0,2,2,0,0,1
376,0.20454545454545456,0,0,2,2,2,0,3
377,0.1590909090909091,0,1,0,0,0,0,4
378,0.36363636363636365,0,1,2,2,2,3,3
379,0.18181818181818182,0,1,2,2,2,0,1
380,0.5227272727272727,1,0,2,1,0,2,1
381,0.20454545454545456,1,0,2,0,2,0,3
382,0.29545454545454547,1,1,2,0,0,0,4
383,0.1590909090909091,1,1,1,0,2,2,2
384,0.18181818181818182,1,0,0,0,0,0,4
385,0.20454545454545456,0,1,2,2,0,0,3
386,0.5454545454545454,1,0,0,1,0,0,1
387,0.25,2,1,2,2,0,3,4
388,0.1590909090909091,0,0,0,1,0,1,4
389,0.34090909090909094,0,1,2,2,2,0,3
390,0.29545454545454547,2,1,1,2,1,3,2
391,0.5,0,1,2,0,0,2,3
392,0.29545454545454547,1,0,0,0,0,2,1
393,0.18181818181818182,1,1,0,0,0,4,2
394,0.13636363636363635,0,1,1,0,1,3,0
395,0.25,1,0,2,1,0,0,1
396,0.6818181818181819,1,0,0,0,0,0,0
397,0.38636363636363635,1,0,1,0,0,3,4
398,0.3181818181818182,0,0,0,1,0,0,1
399,0.25,1,0,0,1,2,2,4
400,0.18181818181818182,1,1,2,2,0,1,2
401,0.2272727272727273,1,1,2,2,0,0,4
402,0.11363636363636365,1,0,0,0,0,0,0
403,0.38636363636363635,1,1,2,2,0,3,4
404,0.25,1,1,0,0,0,4,4
405,0.18181818181818182,1,1,2,2,2,4,0
406,0.34090909090909094,1,1,2,2,0,0,1
407,0.34090909090909094,1,0,0,0,0,0,0
408,0.09090909090909091,1,0,0,0,0,2,1
409,0.2727272727272727,0,1,1,0,0,0,0
410,0.34090909090909094,1,1,2,2,0,2,2
411,0.29545454545454547,0,1,0,1,0,3,3
412,0.06818181818181818,1,1,0,1,0,0,1
413,0.29545454545454547,2,1,0,0,0,0,4
414,0.18181818181818182,0,0,0,1,0,1,4
415,0.2727272727272727,1,1,0,0,0,2,2
416,0.2727272727272727,2,1,0,1,0,1,4
417,0.11363636363636365,1,0,1,0,0,0,0
418,0.36363636363636365,1,0,1,0,0,2,1
419,0.8181818181818182,1,1,1,2,0,0,4
420,0.2272727272727273,1,1,2,0,2,4,3
421,0.18181818181818182,1,0,0,0,0,0,0
422,0.2272727272727273,1,1,2,2,0,4,4
423,0.3181818181818182,1,1,1,0,0,2,4
424,0.2272727272727273,0,0,2,2,0,0,3
425,0.06818181818181818,1,0,0,1,2,0,4
426,0.13636363636363635,1,1,1,2,0,1,4
427,0.18181818181818182,0,0,2,1,0,0,0
428,0.11363636363636365,1,0,2,0,0,0,0
429,0.13636363636363635,0,0,2,2,2,2,0
430,0.2272727272727273,1,0,0,0,0,2,1
431,0.13636363636363635,0,1,1,0,0,4,3
432,0.34090909090909094,1,0,1,0,2,2,2
433,0.36363636363636365,1,0,0,0,0,0,4
434,0.20454545454545456,0,0,0,1,0,1,4
435,0.2272727272727273,1,0,0,0,0,0,1
436,0.18181818181818182,1,0,0,1,0,0,0
437,0.045454545454545456,1,0,0,1,2,4,0
438,0.11363636363636365,0,0,2,2,0,0,4
439,0.25,1,1,2,2,2,2,3
440,0.18181818181818182,1,1,1,0,0,0,4
441,0.4090909090909091,1,0,2,0,0,2,3
442,0.5227272727272727,1,0,2,2,2,0,4
443,0.34090909090909094,0,0,2,0,0,0,0
444,0.11363636363636365,1,1,2,2,2,4,4
445,0.4772727272727273,1,1,2,0,0,0,2
446,0.36363636363636365,1,1,2,1,0,0,0
447,0.18181818181818182,0,0,2,2,0,1,4
448,0.13636363636363635,1,0,2,2,0,0,3
449,0.4318181818181818,1,1,2,2,0,0,3
450,0.5681818181818182,1,1,2,2,2,4,2
451,0.5,2,1,2,2,2,0,1
452,0.2727272727272727,1,1,2,2,0,3,2
453,0.36363636363636365,1,0,0,1,0,0,4
454,0.20454545454545456,1,1,0,1,0,0,4
455,0.4090909090909091,1,0,0,0,2,2,4
456,0.20454545454545456,1,0,1,2,0,2,3
457,0.38636363636363635,1,1,2,0,2,0,1
458,0.3181818181818182,1,0,1,0,0,0,1
459,0.4318181818181818,1,0,2,0,0,0,0
460,0.25,1,0,0,0,0,0,0
461,0.34090909090909094,0,0,2,1,0,4,1
462,0.2272727272727273,1,0,1,2,0,2,4
463,0.18181818181818182,0,1,0,1,0,1,1
464,0.20454545454545456,1,1,0,0,0,2,4
465,0.4545454545454546,1,0,1,0,2,2,4
466,0.8636363636363636,1,1,2,2,0,0,3
467,0.2272727272727273,1,0,1,0,1,3,4
468,0.18181818181818182,1,0,1,2,0,0,1
469,0.5454545454545454,0,0,2,2,2,0,3
470,0.29545454545454547,1,0,2,2,2,4,4
471,0.8863636363636364,1,0,2,2,2,2,3
472,0.25,1,0,0,0,0,3,4
473,0.4772727272727273,0,0,2,2,0,0,4
474,0.36363636363636365,1,0,0,0,0,3,4
475,0.8636363636363636,1,0,2,1,0,0,4
476,0.20454545454545456,1,1,1,1,0,1,4
477,0.11363636363636365,1,1,0,0,0,0,2
478,0.0,1,0,0,0,0,4,0
479,0.2727272727272727,0,0,0,1,0,0,0
480,0.11363636363636365,1,0,0,1,0,0,1
481,0.5681818181818182,1,0,2,2,2,2,4
482,0.0,0,1,0,1,0,0,4
483,0.25,1,0,2,2,0,0,3
484,0.6818181818181819,1,0,0,0,0,0,1
485,0.5681818181818182,1,0,1,2,0,2,4
486,0.2272727272727273,0,1,0,1,0,0,4
487,0.2727272727272727,1,1,1,2,2,4,2
488,0.18181818181818182,1,0,1,0,2,4,4
489,0.34090909090909094,1,0,1,0,0,0,1
490,0.29545454545454547,1,0,2,1,2,0,0
491,0.2727272727272727,1,0,0,1,0,0,3
492,0.20454545454545456,1,0,1,0,0,1,0
493,0.13636363636363635,0,1,1,0,0,0,4
494,0.1590909090909091,1,0,0,1,0,0,0
495,0.11363636363636365,0,1,2,1,0,0,2
496,0.4090909090909091,1,0,2,1,0,1,4
497,0.1590909090909091,0,1,0,1,2,1,2
498,0.7954545454545455,1,0,1,2,2,4,4
499,0.36363636363636365,1,0,0,1,0,2,3
500,0.4545454545454546,0,0,2,2,2,0,0
501,0.5,1,1,1,0,1,0,0
502,0.3181818181818182,1,0,1,1,0,0,0
503,0.1590909090909091,1,0,0,1,0,0,1
504,0.38636363636363635,0,0,1,2,0,0,4
505,0.6363636363636364,1,0,2,2,0,0,4
506,0.5454545454545454,1,0,2,0,0,3,1
507,0.3181818181818182,1,1,2,0,0,0,4
508,0.6590909090909091,1,1,2,2,0,4,4
509,0.09090909090909091,1,0,2,1,2,0,0
510,0.34090909090909094,0,0,2,2,0,4,4
511,0.1590909090909091,0,0,1,0,1,2,4
512,0.25,1,0,0,1,0,0,0
513,0.4772727272727273,1,0,2,2,2,4,1
514,0.4545454545454546,1,1,2,1,2,0,4
515,0.5681818181818182,1,0,0,0,0,0,0
516,0.6363636363636364,1,0,2,1,2,0,3
517,0.4545454545454546,0,1,2,2,2,4,4
518,0.34090909090909094,1,0,2,2,2,4,4
519,0.36363636363636365,1,1,1,2,2,4,2
520,0.9545454545454546,1,0,2,2,0,0,1
521,0.11363636363636365,0,0,0,1,2,0,0
522,0.38636363636363635,1,0,1,0,0,0,0
523,0.1590909090909091,1,1,0,1,0,0,3
524,0.4090909090909091,1,1,0,2,2,1,4
525,0.5227272727272727,0,1,2,2,2,4,3
526,0.13636363636363635,1,0,2,2,2,2,4
527,0.75,1,0,1,2,1,1,4
528,0.25,1,0,2,2,2,4,4
529,0.29545454545454547,0,1,0,1,0,0,4
530,0.20454545454545456,1,0,1,0,0,0,0
531,0.29545454545454547,1,0,2,2,0,2,3
532,0.20454545454545456,0,1,1,0,1,3,4
533,0.11363636363636365,1,0,0,0,0,4,3
534,0.06818181818181818,1,0,0,1,0,0,1
535,0.20454545454545456,0,1,1,2,1,1,4
536,0.4772727272727273,1,1,2,2,0,2,2
537,0.18181818181818182,1,1,0,0,0,0,1
538,0.20454545454545456,1,0,0,0,0,0,1
539,0.09090909090909091,0,1,2,2,0,0,4
540,0.18181818181818182,0,1,0,0,0,1,2
541,0.29545454545454547,0,1,2,2,2,2,3
542,0.3181818181818182,1,0,0,0,0,0,1
543,0.2272727272727273,0,1,2,0,0,0,2
544,0.2272727272727273,2,1,1,1,2,1,3
545,0.11363636363636365,0,0,0,1,0,4,0
546,0.2727272727272727,1,0,0,1,0,4,1
547,0.4090909090909091,1,1,2,0,0,1,4
548,0.06818181818181818,1,1,2,2,2,0,0
549,0.2727272727272727,1,0,1,0,0,2,2
550,0.1590909090909091,0,1,0,1,0,0,0
551,0.3181818181818182,1,0,1,0,0,4,4
552,0.25,0,0,1,0,0,0,4
553,0.06818181818181818,2,0,1,2,2,2,4
554,0.20454545454545456,0,1,1,0,0,2,3
555,0.3181818181818182,0,0,0,1,0,0,2
556,0.36363636363636365,1,0,2,2,2,4,4
557,0.34090909090909094,1,0,0,0,0,0,0
558,0.09090909090909091,1,1,1,1,0,2,4
559,0.13636363636363635,1,0,0,1,0,0,0
560,0.9772727272727273,1,0,1,0,0,4,0
561,0.20454545454545456,1,1,0,0,0,0,4
562,0.34090909090909094,1,0,0,1,2,4,1
563,0.4090909090909091,1,0,0,1,0,0,3
564,0.5,1,0,1,0,0,1,1
565,0.2272727272727273,1,0,2,2,2,1,4
566,0.4772727272727273,1,0,2,1,2,0,4
567,0.3181818181818182,1,0,2,0,0,2,4
568,0.29545454545454547,1,1,2,1,0,2,4
569,0.4545454545454546,1,1,0,0,0,0,4
570,0.11363636363636365,1,1,1,2,0,0,3
571,0.5454545454545454,1,0,2,2,2,2,2
572,0.20454545454545456,0,0,0,1,0,0,4
573,0.18181818181818182,0,1,2,2,2,1,4
574,0.7272727272727273,1,0,1,2,0,0,1
575,0.4318181818181818,1,1,0,0,0,2,1
576,0.11363636363636365,1,0,0,0,0,0,0
577,0.34090909090909094,1,1,0,1,2,4,4
578,0.25,1,0,2,2,2,3,1
579,0.36363636363636365,1,1,2,0,0,0,4
580,0.5227272727272727,1,1,2,0,0,0,2
581,0.7272727272727273,1,1,0,0,0,0,0
582,0.25,1,0,2,1,2,1,1
583,0.38636363636363635,1,0,1,2,2,4,1
584,0.20454545454545456,1,0,1,0,2,0,4
585,0.5,0,0,0,1,0,2,1
586,0.20454545454545456,1,0,1,0,0,0,2
587,0.25,0,0,2,2,2,0,1
588,0.29545454545454547,1,1,1,0,0,2,4
589,0.5681818181818182,1,0,1,2,0,2,4
590,0.36363636363636365,1,1,2,2,0,0,4
591,0.25,1,1,0,0,1,1,4
592,0.022727272727272728,1,1,1,0,0,0,4
593,0.5227272727272727,1,1,2,1,0,0,4
594,0.25,1,1,2,2,0,0,1
595,0.11363636363636365,1,0,2,1,0,0,3
596,0.13636363636363635,0,1,2,1,0,1,4
597,0.29545454545454547,1,0,0,0,0,0,0
598,0.5681818181818182,1,0,0,1,0,0,0
599,0.29545454545454547,1,1,1,0,0,1,3
600,0.25,1,1,2,2,0,0,2
601,0.38636363636363635,1,1,1,0,0,4,0
602,0.34090909090909094,1,1,2,1,2,1,4
603,0.2727272727272727,0,1,1,2,2,1,2
604,0.20454545454545456,1,0,2,1,2,0,0
605,0.3181818181818182,1,0,1,2,0,0,4
606,0.7272727272727273,1,0,0,0,0,0,4
607,0.13636363636363635,1,0,0,1,0,0,1
608,0.20454545454545456,1,0,0,0,0,0,0
609,0.20454545454545456,1,0,1,0,0,0,1
610,0.3181818181818182,1,0,1,2,2,2,4
611,0.5454545454545454,1,0,1,2,0,4,3
612,0.4318181818181818,1,0,0,0,0,0,2
613,0.2727272727272727,1,0,0,1,0,2,4
614,0.25,1,0,2,0,0,4,3
615,0.2727272727272727,1,0,1,1,0,1,2
616,0.38636363636363635,1,0,2,0,0,0,1
617,0.38636363636363635,1,1,2,2,2,3,3
618,0.4545454545454546,1,1,1,1,0,0,2
619,0.09090909090909091,1,1,2,2,2,4,4
620,0.13636363636363635,1,1,0,0,0,2,4
621,0.09090909090909091,1,0,0,1,0,0,1
622,0.29545454545454547,0,0,2,2,0,4,2
623,0.11363636363636365,0,1,2,2,2,2,4
624,0.29545454545454547,0,1,0,0,0,0,4
625,0.2272727272727273,0,1,2,2,0,1,3
626,0.4318181818181818,2,1,2,2,0,1,4
627,0.36363636363636365,1,1,1,2,2,2,4
628,0.3181818181818182,2,0,1,2,2,3,4
629,0.2272727272727273,1,1,2,1,0,0,4
630,0.13636363636363635,0,0,1,0,0,0,4
631,0.8409090909090909,1,1,2,2,0,0,3
632,0.29545454545454547,1,0,1,0,1,4,4
633,0.36363636363636365,0,0,2,2,0,2,4
634,0.38636363636363635,1,0,0,0,0,4,3
635,0.2272727272727273,1,0,1,0,0,2,1
636,0.4090909090909091,1,1,1,0,0,2,2
637,0.2727272727272727,1,0,1,0,2,2,2
638,0.38636363636363635,1,0,2,1,2,4,0
639,0.7045454545454546,1,1,1,2,0,1,4
640,0.4090909090909091,1,0,2,2,2,4,0
641,0.38636363636363635,1,0,1,0,0,4,0
642,0.25,0,1,2,2,1,1,4
643,0.8636363636363636,1,0,2,2,2,1,1
644,0.29545454545454547,0,1,2,0,1,0,3
645,0.4318181818181818,1,0,1,0,0,0,1
646,0.1590909090909091,1,1,1,0,0,0,4
647,0.2727272727272727,1,0,1,0,0,4,4
648,0.18181818181818182,0,1,1,2,0,2,4
649,0.09090909090909091,0,0,1,0,0,0,2
650,0.4772727272727273,1,0,0,0,0,0,3
651,0.25,1,1,0,1,0,0,1
652,0.7954545454545455,1,1,0,1,0,4,4
653,0.36363636363636365,0,1,0,0,0,0,1
654,0.3181818181818182,1,0,2,1,0,4,1
655,0.1590909090909091,1,0,1,0,0,0,0
656,0.25,1,0,1,0,1,1,3
657,0.3181818181818182,1,0,1,0,0,0,1
658,0.2727272727272727,1,1,2,2,2,0,4
659,0.29545454545454547,1,0,0,0,0,2,0
660,0.045454545454545456,0,0,2,2,2,2,3
661,0.20454545454545456,1,0,0,0,0,0,1
662,0.3181818181818182,1,0,0,1,0,0,1
663,0.18181818181818182,1,0,1,0,0,1,1
664,0.2727272727272727,1,0,0,0,2,4,4
665,0.2727272727272727,1,0,1,0,0,3,4
666,0.09090909090909091,1,0,0,0,0,4,0
667,0.13636363636363635,1,0,0,1,0,0,0
668,0.18181818181818182,1,0,1,0,0,0,1
669,0.5681818181818182,1,0,0,0,0,0,0
670,0.18181818181818182,1,0,1,1,0,1,1
671,0.11363636363636365,1,1,0,1,0,0,4
672,0.18181818181818182,1,0,2,1,0,2,0
673,0.18181818181818182,0,1,0,0,0,0,1
674,0.38636363636363635,1,1,0,0,0,0,4
675,0.2272727272727273,1,0,0,1,0,0,4
676,0.09090909090909091,1,0,1,0,0,0,0
677,0.25,0,1,0,0,0,0,3
678,0.25,1,0,1,2,2,4,0
679,0.6136363636363636,1,0,2,1,0,4,2
680,0.34090909090909094,1,0,1,0,0,2,3
681,0.4545454545454546,1,0,2,2,0,0,4
682,0.022727272727272728,2,1,0,1,0,1,2
683,0.25,0,0,2,2,2,2,3
684,0.06818181818181818,0,0,1,0,0,0,0
685,0.11363636363636365,0,1,0,1,0,0,4
686,0.34090909090909094,0,1,2,2,2,2,3
687,0.7045454545454546,1,1,2,1,2,2,4
688,0.2272727272727273,1,0,0,0,0,0,0
689,0.20454545454545456,0,0,0,1,2,4,4
690,0.11363636363636365,1,0,2,0,0,2,4
691,0.25,1,0,1,0,2,2,1
692,0.2727272727272727,1,0,0,0,2,2,0
693,0.2272727272727273,0,0,2,1,0,2,0
694,0.3181818181818182,1,0,1,0,0,0,0
695,0.3181818181818182,1,0,2,2,2,4,4
696,0.4318181818181818,1,0,1,0,0,2,0
697,0.4772727272727273,0,0,1,2,0,3,0
698,0.29545454545454547,1,0,0,0,0,0,0
699,0.25,1,0,1,0,0,1,0
700,0.2727272727272727,1,0,2,0,0,0,0
701,0.34090909090909094,1,1,1,2,1,3,3
702,0.4318181818181818,1,1,2,2,2,0,4
703,0.11363636363636365,1,0,2,2,2,2,2
704,0.5681818181818182,1,1,2,1,0,2,4
705,0.3181818181818182,1,0,0,0,0,0,3
706,0.18181818181818182,1,0,0,1,0,0,1
707,0.3181818181818182,1,0,0,1,0,4,4
708,0.4318181818181818,0,0,0,1,0,0,0
709,0.25,1,0,2,2,2,4,2
710,0.36363636363636365,1,0,1,0,0,2,0
711,0.20454545454545456,1,0,0,1,0,0,0
712,0.2727272727272727,1,1,0,0,0,4,1
713,0.25,1,0,2,2,2,0,1
714,0.3181818181818182,1,1,2,2,0,3,4
715,0.29545454545454547,1,0,1,0,0,1,4
716,0.1590909090909091,1,0,2,2,2,2,0
717,0.4318181818181818,1,0,2,2,2,2,0
718,0.25,1,1,1,0,0,4,0
719,0.20454545454545456,1,0,2,1,0,0,0
720,0.34090909090909094,1,0,0,0,0,0,0
721,0.2727272727272727,1,1,0,0,1,3,4
722,0.25,1,0,1,2,0,1,0
723,0.1590909090909091,1,1,0,0,0,0,1
724,0.34090909090909094,1,1,1,2,0,0,4
725,0.29545454545454547,1,0,1,0,1,0,1
726,0.06818181818181818,1,0,0,0,0,4,3
727,0.2727272727272727,1,1,0,0,1,3,4
728,0.25,1,0,0,1,0,0,0
729,0.5681818181818182,1,0,1,0,2,3,4
730,0.4318181818181818,1,0,1,0,0,0,2
731,0.13636363636363635,1,0,1,0,0,0,0
732,0.25,1,0,0,1,0,4,0
733,0.29545454545454547,1,0,2,2,2,0,0
734,0.29545454545454547,1,0,0,1,0,2,0
735,0.34090909090909094,1,0,1,1,0,4,1
736,0.5681818181818182,1,0,2,2,2,0,0
737,0.34090909090909094,1,0,0,1,0,0,4
738,0.20454545454545456,1,0,1,0,2,0,0
739,0.4090909090909091,1,1,0,0,0,0,4
740,0.4318181818181818,1,1,1,2,2,4,4
741,0.3181818181818182,1,0,1,2,0,3,0
742,0.4772727272727273,1,0,1,0,0,4,4
743,0.29545454545454547,1,1,2,2,0,2,4
744,0.4090909090909091,1,0,2,2,0,3,4
745,0.2727272727272727,1,0,0,1,0,0,4
746,0.2272727272727273,1,0,2,1,2,4,0
747,0.3181818181818182,1,0,1,0,1,1,0
748,0.38636363636363635,1,1,2,2,2,4,3
749,0.022727272727272728,1,0,0,1,0,1,4
750,0.34090909090909094,1,1,2,2,0,4,0
751,0.5454545454545454,1,0,0,1,2,4,0
752,0.4318181818181818,1,1,0,1,0,0,4
753,0.5,1,0,1,0,2,4,1
754,0.4090909090909091,1,0,2,2,2,4,1
755,0.25,0,1,0,0,0,0,4
756,0.4545454545454546,0,1,2,1,0,0,4
757,0.18181818181818182,1,1,2,0,0,1,4
758,0.36363636363636365,1,0,1,0,2,2,3
759,0.06818181818181818,1,0,1,2,1,0,2
760,0.29545454545454547,1,1,1,2,2,2,4
761,0.4318181818181818,0,1,2,2,0,0,3
762,0.4318181818181818,1,1,1,0,0,4,4
763,0.4545454545454546,1,1,1,0,1,3,4
764,0.20454545454545456,0,0,0,1,0,2,4
765,0.4772727272727273,1,0,1,0,2,2,0
766,0.34090909090909094,0,1,2,2,2,2,4
767,0.20454545454545456,1,0,0,1,0,2,1
768,0.4090909090909091,0,0,2,0,0,0,1
769,0.2272727272727273,1,0,0,1,0,2,1
770,0.4772727272727273,1,0,0,0,0,0,4
771,0.34090909090909094,1,1,1,2,2,4,4
772,0.3181818181818182,1,0,0,1,0,0,0
773,0.2272727272727273,1,0,0,1,0,0,0
774,0.4318181818181818,1,1,1,0,2,2,3
775,0.4772727272727273,1,0,2,2,2,4,4
776,0.5681818181818182,1,0,0,0,0,0,4
777,0.3181818181818182,2,0,0,0,0,0,4
778,0.20454545454545456,0,0,0,1,0,0,0
779,0.29545454545454547,0,0,0,0,0,0,0
780,0.5681818181818182,1,0,0,0,0,0,1
781,0.34090909090909094,1,0,1,2,2,1,4
782,0.36363636363636365,1,1,0,1,2,4,4
783,0.34090909090909094,1,0,0,0,0,0,0
784,0.1590909090909091,1,0,0,0,0,0,0
785,0.1590909090909091,1,1,2,2,2,0,4
786,0.3181818181818182,1,1,1,2,2,2,0
787,0.1590909090909091,1,1,2,2,2,0,4
788,0.4318181818181818,1,0,0,0,0,2,0
789,0.4772727272727273,1,0,2,2,2,2,1
790,0.25,1,0,0,1,0,2,3
791,0.34090909090909094,1,0,2,2,0,0,4
792,0.4318181818181818,0,0,0,1,2,1,2
793,0.38636363636363635,0,0,2,0,2,3,4
794,0.09090909090909091,0,1,0,1,0,3,4
795,0.4545454545454546,1,0,2,2,0,2,1
796,0.3181818181818182,0,1,2,0,0,0,2
797,0.2272727272727273,1,0,0,0,0,0,0
798,0.20454545454545456,1,1,1,0,0,0,0
799,0.38636363636363635,0,0,0,0,0,4,4
800,0.25,1,0,2,2,2,4,1
801,0.11363636363636365,1,1,1,2,0,4,4
802,0.4772727272727273,1,0,2,0,0,0,0
803,0.2727272727272727,0,0,2,2,2,4,0
804,0.3181818181818182,1,0,0,1,0,2,0
805,0.2272727272727273,2,0,1,2,0,1,4
806,0.5,0,1,2,2,2,0,4
807,0.4090909090909091,0,1,0,0,0,0,0
808,0.20454545454545456,1,0,0,1,0,4,0
809,0.5227272727272727,1,1,2,2,0,0,4
810,0.25,1,0,0,0,0,0,1
811,0.25,1,0,1,0,0,1,4
812,0.38636363636363635,1,0,1,0,2,3,2
813,0.2272727272727273,1,0,1,2,0,0,1
814,0.4090909090909091,0,0,0,1,0,0,4
815,0.4772727272727273,0,0,0,1,0,0,4
816,0.4772727272727273,1,1,2,2,2,3,4
817,0.5909090909090909,1,1,1,2,1,4,4
818,0.18181818181818182,2,0,1,1,2,4,4
819,0.38636363636363635,1,1,1,2,0,2,2
820,0.5,0,1,2,1,0,0,4
821,0.38636363636363635,1,1,1,2,0,2,2
822,0.4545454545454546,1,0,1,2,1,3,1
823,0.36363636363636365,1,0,0,1,0,0,0
824,0.5681818181818182,1,0,2,0,0,0,0
825,0.6818181818181819,0,1,0,0,1,3,2
826,0.045454545454545456,1,0,0,1,0,0,1
827,0.5,1,0,0,1,0,2,4
828,0.25,0,0,0,0,0,0,3
829,0.38636363636363635,1,1,1,2,2,0,4
830,0.25,1,1,2,2,2,4,4
831,0.5,1,0,2,1,0,0,1
832,0.25,1,0,1,2,2,4,3
833,0.25,0,1,2,1,0,0,3
834,0.36363636363636365,1,0,1,0,0,0,4
835,0.5909090909090909,1,1,0,0,0,1,4
836,0.13636363636363635,0,1,2,2,2,4,2
837,0.6590909090909091,0,0,0,0,0,3,0
838,0.5681818181818182,1,1,0,0,0,4,0
839,0.4090909090909091,1,0,2,2,2,1,3
840,0.5681818181818182,1,0,0,0,0,3,4
841,0.4090909090909091,1,0,1,0,0,1,4
842,0.29545454545454547,0,1,2,2,0,1,4
843,0.38636363636363635,1,0,0,1,0,0,4
844,0.34090909090909094,1,1,2,0,2,1,0
845,0.4318181818181818,1,0,0,1,0,0,4
846,0.36363636363636365,1,0,0,0,2,0,4
847,0.4090909090909091,1,0,1,0,0,4,4
848,0.5,1,1,1,2,2,4,4
849,0.5,1,0,2,2,2,0,3
850,0.5454545454545454,1,0,1,2,0,2,4
851,0.11363636363636365,1,1,2,2,2,0,0
852,0.06818181818181818,1,1,1,0,2,2,1
853,0.18181818181818182,1,0,1,0,0,3,4
854,0.29545454545454547,1,1,0,1,0,0,0
855,0.1590909090909091,1,1,2,2,2,4,0
856,0.75,1,0,2,2,2,4,1
857,0.13636363636363635,1,0,0,1,2,2,0
858,0.34090909090909094,1,0,1,0,0,0,0
859,0.3181818181818182,1,1,1,0,1,0,3
860,0.3181818181818182,1,1,1,0,1,0,3
861,0.18181818181818182,1,0,1,1,0,1,3
862,0.11363636363636365,1,0,0,0,0,0,1
863,0.34090909090909094,1,1,1,2,0,3,2
864,0.6363636363636364,1,0,2,2,2,2,3
865,0.36363636363636365,1,0,1,0,1,1,0
866,0.38636363636363635,1,1,2,2,0,2,4
867,0.4772727272727273,1,0,1,2,0,3,0
868,0.3181818181818182,1,0,1,2,2,2,4
869,0.5681818181818182,1,0,0,0,0,0,0
870,0.8409090909090909,1,0,2,2,2,2,3
871,0.3181818181818182,0,1,0,0,0,1,4
872,0.5227272727272727,1,0,2,2,2,0,0
873,0.4772727272727273,1,0,0,1,0,0,0
874,0.4318181818181818,1,1,2,2,2,4,0
875,0.2727272727272727,1,1,0,1,0,3,4
876,0.29545454545454547,1,0,2,0,2,2,0
877,0.25,1,0,0,1,0,0,0
878,0.11363636363636365,0,1,1,0,0,2,1
879,0.29545454545454547,1,0,2,2,2,4,1
880,0.25,1,1,0,1,0,0,4
881,0.2727272727272727,1,0,2,2,2,4,1
882,0.4318181818181818,1,0,2,0,0,0,1
883,0.4090909090909091,1,0,2,0,0,1,1
884,0.38636363636363635,1,1,2,2,0,0,4
885,0.5227272727272727,1,1,0,0,0,0,1
886,0.29545454545454547,1,0,0,1,0,0,3
887,0.4545454545454546,1,1,2,2,0,2,0
888,0.18181818181818182,1,0,1,0,2,4,0
889,0.4772727272727273,1,1,2,0,0,0,4
890,0.5454545454545454,1,1,2,1,0,0,4
891,0.3181818181818182,1,1,1,2,0,3,3
892,0.25,1,1,0,1,0,0,0
893,0.2727272727272727,1,1,2,0,0,3,1
894,0.5,1,1,0,1,0,0,2
895,0.75,1,0,0,1,0,1,0
896,0.34090909090909094,1,0,2,2,2,2,1
897,0.36363636363636365,1,0,1,1,2,1,4
898,0.7272727272727273,1,0,1,2,2,2,1
899,0.13636363636363635,1,0,0,0,0,2,4
900,0.1590909090909091,1,1,1,0,0,0,3
901,0.5681818181818182,1,1,1,0,0,3,3
902,0.1590909090909091,0,0,2,2,2,4,2
903,0.13636363636363635,1,0,1,2,2,4,0
904,0.75,1,0,1,2,2,1,1
905,0.7045454545454546,1,1,2,2,2,1,4
906,0.2727272727272727,1,0,2,0,0,0,0
907,0.1590909090909091,0,1,2,2,0,0,4
908,0.4090909090909091,1,0,2,2,0,0,3
909,0.6818181818181819,1,0,2,2,2,0,1
910,0.6818181818181819,1,0,1,0,0,2,4
911,0.7727272727272727,1,0,2,2,0,0,3
912,0.13636363636363635,0,1,1,0,0,4,2
913,0.34090909090909094,1,1,0,2,0,2,4
914,0.1590909090909091,0,1,2,2,2,2,4
915,0.2727272727272727,1,0,1,0,0,1,4
916,0.2727272727272727,1,0,1,2,2,2,1
917,0.36363636363636365,1,0,1,0,2,1,4
918,0.29545454545454547,1,0,2,2,2,4,0
919,0.09090909090909091,0,1,0,1,0,0,2
920,0.2272727272727273,1,1,0,1,0,2,4
921,0.38636363636363635,1,1,2,2,2,1,3
922,0.2272727272727273,1,1,2,0,0,0,4
923,0.5454545454545454,1,0,1,2,2,1,4
924,0.34090909090909094,1,1,2,0,0,4,0
925,0.25,1,0,2,0,0,0,4
926,0.5681818181818182,1,1,2,1,0,0,4
927,0.25,1,0,2,2,0,2,0
928,0.1590909090909091,1,0,2,0,2,0,0
929,0.29545454545454547,1,1,0,0,0,4,1
930,0.38636363636363635,0,1,2,1,2,1,4
931,0.36363636363636365,1,0,0,0,0,4,2
932,0.5681818181818182,1,0,2,2,2,3,4
933,0.4545454545454546,1,1,1,1,0,3,4
934,0.18181818181818182,1,1,0,1,2,3,4
935,0.4545454545454546,1,1,1,0,2,3,3
936,0.5454545454545454,1,0,0,0,0,0,2
937,0.34090909090909094,1,1,0,0,0,0,0
938,0.3181818181818182,1,0,2,2,2,2,3
939,0.5909090909090909,1,1,2,2,2,1,4
940,0.2272727272727273,1,1,2,2,0,0,3
941,0.5,1,1,2,2,2,3,4
942,0.29545454545454547,0,1,2,2,2,2,4
943,0.3181818181818182,1,1,2,2,0,0,4
944,0.2272727272727273,1,1,0,0,0,2,4
945,0.4772727272727273,1,1,2,2,2,0,2
946,0.6136363636363636,1,0,2,2,0,0,0
947,0.5681818181818182,1,0,2,2,0,2,3
948,0.38636363636363635,1,0,2,2,0,3,4
949,0.5,1,1,2,2,2,4,4
950,0.36363636363636365,1,0,1,2,2,4,3
951,0.13636363636363635,1,1,0,2,1,2,2
952,0.9318181818181819,1,0,1,0,0,3,4
953,0.4090909090909091,0,1,0,0,0,0,3
954,0.4545454545454546,1,0,1,0,2,0,0
955,0.34090909090909094,1,1,0,1,2,2,2
956,0.2727272727272727,1,1,0,0,0,0,1
957,0.36363636363636365,1,1,2,2,2,4,3
958,0.18181818181818182,1,0,2,1,0,0,3
959,0.34090909090909094,1,0,0,1,0,0,0
960,0.3181818181818182,1,0,0,0,0,4,0
961,0.1590909090909091,1,0,1,2,2,2,4
962,0.38636363636363635,1,0,0,0,0,1,4
963,0.13636363636363635,1,1,0,1,0,0,2
964,0.8181818181818182,1,0,2,2,0,2,2
965,0.34090909090909094,1,1,1,2,1,3,4
966,0.18181818181818182,0,1,1,0,0,4,4
967,0.1590909090909091,1,0,0,1,0,4,1
968,0.6136363636363636,1,1,0,0,0,0,3
969,0.34090909090909094,0,0,1,2,2,4,4
970,0.5681818181818182,1,0,1,1,0,3,4
971,0.2727272727272727,1,0,1,2,1,3,4
972,0.5,1,1,0,1,0,0,3
973,0.7045454545454546,1,1,2,2,2,0,1
974,0.25,1,0,0,1,0,2,0
975,0.18181818181818182,1,0,0,0,0,0,0
976,0.4545454545454546,1,0,2,2,2,2,1
977,0.20454545454545456,1,1,2,2,2,2,0
978,0.18181818181818182,1,0,2,0,1,2,1
979,0.2272727272727273,1,1,1,0,0,2,2
980,0.5,1,1,1,0,0,0,4
981,0.4318181818181818,0,1,1,2,2,2,3
982,0.36363636363636365,0,1,2,2,1,2,2
983,0.2272727272727273,1,1,0,1,0,0,2
984,0.20454545454545456,1,0,2,1,2,4,1
985,0.25,1,0,1,0,0,4,4
986,0.4772727272727273,0,1,0,1,0,1,3
987,0.2272727272727273,1,0,1,0,1,1,2
988,0.11363636363636365,1,1,2,1,2,2,4
990,0.4545454545454546,1,0,1,0,2,2,0
991,0.022727272727272728,1,0,2,0,0,4,0
992,0.2727272727272727,0,1,2,2,2,4,4
993,0.2272727272727273,1,0,1,2,2,4,0
994,0.045454545454545456,1,0,0,0,0,0,4
995,0.38636363636363635,1,0,0,1,0,2,4
996,0.4772727272727273,1,0,2,2,2,4,3
997,0.29545454545454547,0,1,2,1,0,0,1
998,0.3181818181818182,1,0,1,0,0,0,3
999,0.20454545454545456,1,0,1,0,0,0,0
1000,0.1590909090909091,1,1,2,2,2,2,2
1001,0.5454545454545454,1,1,0,0,0,0,4
1002,0.36363636363636365,1,1,2,2,2,4,2
1003,0.18181818181818182,0,0,0,0,0,0,4
1004,0.38636363636363635,1,1,1,2,2,4,4
1005,0.36363636363636365,1,0,0,0,0,4,1
1006,0.4545454545454546,1,1,2,2,2,4,4
1007,0.36363636363636365,1,0,0,0,0,0,4
1008,0.4772727272727273,1,1,1,2,2,2,4
1009,0.5909090909090909,0,0,0,1,0,0,0
1010,0.5,1,0,2,2,2,0,0
1011,0.34090909090909094,0,0,1,2,2,2,1
1012,0.13636363636363635,0,1,2,2,0,1,4
1013,0.4545454545454546,0,1,0,1,0,0,4
1014,0.29545454545454547,1,0,2,1,2,0,4
1015,0.11363636363636365,1,0,0,1,2,4,0
1016,0.18181818181818182,0,0,0,1,0,2,0
1017,0.6363636363636364,2,0,2,2,0,0,2
1018,0.2727272727272727,1,1,2,0,0,0,4
1019,0.1590909090909091,1,0,0,0,0,2,3
1020,0.022727272727272728,1,0,0,0,0,2,1
1021,0.2727272727272727,0,1,2,2,2,2,4
1022,0.3181818181818182,1,0,2,2,0,2,1
1023,0.3181818181818182,1,0,1,0,0,0,0
1024,0.4318181818181818,1,1,0,0,0,2,4
1025,0.5454545454545454,1,1,0,0,0,0,4
1026,0.1590909090909091,0,0,2,2,0,0,1
1027,0.022727272727272728,1,0,0,1,0,0,4
1028,0.5,0,1,2,2,0,0,1
1029,0.36363636363636365,1,0,2,1,0,0,0
1030,0.18181818181818182,1,1,0,1,0,0,0
1031,0.29545454545454547,1,1,0,1,2,0,3
1032,0.5,1,1,2,1,0,0,4
1033,0.29545454545454547,0,1,1,0,1,3,2
1034,0.4090909090909091,1,0,0,0,0,0,1
1035,0.38636363636363635,1,1,1,2,0,0,4
1036,0.18181818181818182,1,1,1,0,2,0,4
1037,0.5909090909090909,1,0,0,0,2,0,0
1038,0.36363636363636365,0,0,1,1,0,4,4
1039,0.38636363636363635,1,0,1,0,0,0,0
1040,0.2272727272727273,0,1,0,0,0,2,4
1041,0.34090909090909094,1,0,2,0,2,0,0
1042,0.5,1,1,2,2,0,0,4
1043,0.18181818181818182,1,0,2,2,2,0,4
1044,0.25,0,0,2,2,0,0,2
1045,0.18181818181818182,0,1,2,1,2,0,4
1046,0.34090909090909094,1,1,1,1,0,2,4
1047,0.2272727272727273,1,1,1,0,0,2,4
1048,0.5227272727272727,1,0,1,2,2,3,2
1049,0.4772727272727273,1,1,1,2,2,1,4
1050,0.18181818181818182,0,1,2,2,0,0,4
1051,0.11363636363636365,0,1,1,0,0,1,4
1052,0.38636363636363635,1,1,0,1,2,4,2
1053,0.4090909090909091,1,0,0,1,0,4,1
1054,0.5454545454545454,1,0,0,0,0,0,3
1055,0.4772727272727273,1,1,2,2,2,4,4
1056,0.20454545454545456,1,0,0,0,0,0,1
1057,0.34090909090909094,1,0,0,0,1,4,1
1058,0.29545454545454547,1,1,2,1,0,0,2
1059,0.2272727272727273,0,0,2,2,2,4,3
1060,0.25,0,0,2,0,0,2,2
1061,0.20454545454545456,1,0,0,1,2,3,4
1062,0.5909090909090909,1,0,0,0,2,1,1
1063,0.1590909090909091,1,0,0,0,0,2,2
1064,0.13636363636363635,1,1,1,0,0,2,4
1065,0.1590909090909091,1,1,0,0,2,0,2
1066,0.36363636363636365,1,0,2,1,0,2,1
1067,0.18181818181818182,1,0,2,2,0,1,1
1068,0.6818181818181819,1,0,2,2,2,0,1
1069,0.36363636363636365,1,0,1,0,0,3,0
1070,0.4772727272727273,0,0,1,0,0,0,4
1071,0.5681818181818182,1,0,2,1,0,0,4
1072,0.5227272727272727,1,0,2,2,0,0,3
1073,0.1590909090909091,1,0,0,0,0,0,1
1074,0.29545454545454547,1,0,2,2,0,2,4
1075,0.5,1,1,2,2,2,0,4
1076,0.5681818181818182,1,1,2,1,0,0,4
1077,0.20454545454545456,0,1,2,2,2,3,2
1078,0.4318181818181818,0,1,2,2,0,0,4
1079,0.3181818181818182,1,0,1,0,2,3,4
1080,0.1590909090909091,1,1,1,2,2,4,2
1081,0.25,1,1,0,1,0,3,2
1082,0.2727272727272727,0,1,2,0,0,1,2
1083,0.36363636363636365,0,1,0,0,0,2,2
1084,0.3181818181818182,1,1,2,2,2,2,4
1085,0.4318181818181818,1,0,0,0,2,4,0
1086,0.5227272727272727,1,0,0,0,0,1,4
1087,0.4545454545454546,1,1,2,1,0,0,1
1088,0.3181818181818182,1,0,2,2,2,0,4
1089,0.2272727272727273,0,1,2,2,0,0,4
1090,0.29545454545454547,1,0,1,2,2,4,1
1091,0.5681818181818182,1,1,2,2,0,2,1
1092,0.3181818181818182,1,1,1,2,0,3,2
1093,0.1590909090909091,1,0,2,2,2,0,4
1094,0.4318181818181818,1,0,2,0,2,4,4
1095,0.4090909090909091,1,0,1,2,1,3,4
1096,0.13636363636363635,1,1,0,0,0,4,3
1097,0.5,1,1,2,1,0,1,4
1098,0.25,1,0,0,1,2,2,0
1099,0.5681818181818182,1,0,0,0,0,0,1
1100,0.25,1,0,2,1,0,0,0
1101,0.18181818181818182,1,1,0,1,0,0,4
1102,0.34090909090909094,0,1,1,2,1,3,2
1103,0.38636363636363635,0,1,0,0,0,2,4
1104,0.6136363636363636,1,0,2,0,0,0,1
1105,0.1590909090909091,1,0,1,2,0,2,3
1106,0.7272727272727273,1,0,1,0,0,0,4
1107,0.18181818181818182,1,1,1,0,0,4,3
1108,0.34090909090909094,0,0,2,2,0,0,2
1109,0.2727272727272727,1,0,1,0,1,4,2
1110,0.34090909090909094,1,1,2,2,2,4,4
1111,0.25,1,0,2,0,2,2,2
1112,0.4318181818181818,1,0,1,1,0,0,0
1113,0.1590909090909091,1,1,0,0,0,4,4
1114,0.5,1,0,2,1,0,2,0
1115,0.13636363636363635,1,0,2,2,2,0,4
1116,0.5,1,0,0,1,0,4,1
1117,0.6363636363636364,1,1,0,2,0,0,4
1118,0.4545454545454546,1,1,2,2,2,2,3
1119,0.36363636363636365,1,0,1,2,0,0,1
1120,0.3181818181818182,1,0,1,2,2,4,3
1121,0.5909090909090909,1,0,1,0,0,0,4
1122,0.34090909090909094,0,0,0,1,0,4,1
1123,0.6136363636363636,0,0,0,0,0,0,3
1124,0.38636363636363635,1,0,0,1,2,0,0
1125,0.18181818181818182,1,1,1,0,0,0,2
1126,0.045454545454545456,0,0,0,1,0,0,4
1128,0.4318181818181818,1,1,1,0,2,2,4
1129,0.2272727272727273,1,0,2,0,2,2,0
1130,0.5454545454545454,0,1,2,2,0,0,4
1131,0.3181818181818182,1,0,1,0,0,0,0
1132,0.4090909090909091,0,1,2,2,2,2,3
1133,0.20454545454545456,1,0,1,2,1,1,3
1134,0.20454545454545456,1,0,1,2,1,1,3
1135,0.20454545454545456,1,0,1,0,2,2,4
1136,0.1590909090909091,1,1,1,0,2,4,4
1137,0.5227272727272727,1,1,1,0,0,1,0
1138,0.11363636363636365,1,1,0,1,0,2,4
1139,0.06818181818181818,1,0,0,0,0,0,4
1140,0.18181818181818182,1,0,1,2,2,3,2
1141,0.25,1,0,0,1,0,0,3
1142,0.2272727272727273,1,0,1,0,0,2,4
1143,0.20454545454545456,0,1,1,2,2,0,0
1144,0.11363636363636365,1,0,1,2,2,1,1
1145,0.18181818181818182,0,1,0,0,0,0,4
1146,0.4545454545454546,1,1,1,1,0,4,4
1147,0.4772727272727273,1,1,1,0,2,4,4
1148,0.38636363636363635,1,1,2,2,0,2,2
1149,0.3181818181818182,1,0,2,1,0,0,3
1150,0.3181818181818182,1,0,2,2,2,1,4
1151,0.18181818181818182,1,0,1,0,0,0,1
1152,0.4545454545454546,1,1,0,1,0,0,3
1153,0.36363636363636365,0,1,2,2,2,4,3
1154,0.4772727272727273,1,1,0,1,0,2,2
1155,0.3181818181818182,1,0,0,1,0,4,1
1156,0.4318181818181818,1,0,0,1,0,4,1
1157,0.29545454545454547,1,1,0,1,0,2,1
1158,0.2727272727272727,1,1,1,2,0,0,3
1159,0.75,1,0,0,0,0,0,1
1160,0.25,1,0,2,2,0,0,4
1161,0.29545454545454547,1,0,2,0,0,0,1
1162,0.29545454545454547,1,0,0,1,0,0,0
1163,0.18181818181818182,1,1,0,0,0,2,4
1164,0.6363636363636364,0,0,2,2,2,0,2
1165,0.3181818181818182,1,1,2,0,0,0,4
1166,0.25,1,1,2,2,0,0,4
1167,0.36363636363636365,1,0,0,1,0,0,1
1168,0.18181818181818182,1,0,1,0,1,3,2
1169,0.3181818181818182,0,0,2,2,0,0,4
1170,0.25,1,0,0,1,0,0,0
1171,0.2727272727272727,1,0,2,0,0,0,0
1172,0.5,0,1,2,2,2,2,4
1173,0.11363636363636365,1,0,1,0,0,3,4
1174,0.045454545454545456,1,0,1,0,0,3,3
1175,0.4545454545454546,1,1,0,0,0,1,0
1176,0.18181818181818182,0,1,2,0,0,0,3
1177,0.25,1,0,1,0,0,0,1
1178,0.5,1,0,1,2,0,2,4
1179,0.1590909090909091,0,0,1,0,0,0,4
1180,0.3181818181818182,0,0,2,2,2,0,4
1181,0.4545454545454546,1,1,2,2,2,0,4
1182,1.0,0,1,2,1,0,2,1
1183,0.38636363636363635,0,1,1,0,2,0,4
1184,0.2272727272727273,0,0,1,2,0,3,2
1185,0.20454545454545456,0,0,0,1,0,0,1
1186,0.8409090909090909,0,0,0,1,0,0,3
1187,0.4545454545454546,1,1,2,0,0,0,4
1188,0.29545454545454547,0,0,0,1,2,4,0
1189,0.5,1,1,2,2,2,0,4
1190,0.5909090909090909,1,1,2,2,2,0,4
1191,0.36363636363636365,1,1,2,1,2,0,4
1192,0.4318181818181818,1,0,0,0,0,2,1
1193,0.4545454545454546,1,0,0,1,2,0,1
1194,0.20454545454545456,1,0,0,1,0,0,0
1195,0.36363636363636365,0,0,2,2,2,0,4
1196,0.38636363636363635,0,0,0,0,1,0,3
1197,0.36363636363636365,1,0,1,0,0,1,2
1198,0.3181818181818182,1,0,2,1,0,3,2
1199,0.1590909090909091,1,0,0,1,0,0,0
1200,0.2272727272727273,1,0,1,2,0,0,2
1201,0.2272727272727273,0,0,2,0,0,2,3
1202,0.29545454545454547,1,0,1,2,1,0,0
1203,0.13636363636363635,1,0,0,1,0,2,0
1204,0.36363636363636365,1,1,1,0,0,0,1
1205,0.3181818181818182,1,0,1,0,0,2,4
1206,0.36363636363636365,1,1,0,1,0,2,2
1207,0.11363636363636365,1,0,1,2,1,4,4
1208,0.34090909090909094,1,1,1,2,0,2,2
1209,0.25,1,1,0,1,0,1,4
1210,0.13636363636363635,1,1,1,0,0,0,0
1211,0.6136363636363636,1,0,0,1,0,0,1
1212,0.36363636363636365,0,0,1,2,2,1,4
1213,0.29545454545454547,1,0,0,0,0,3,4
1214,0.34090909090909094,1,0,2,2,2,0,2
1215,0.2272727272727273,1,0,1,1,0,2,0
1216,0.20454545454545456,1,0,0,1,0,0,3
1217,0.5454545454545454,1,0,1,2,1,1,1
1218,0.2272727272727273,1,0,1,1,0,2,0
1219,0.4545454545454546,1,0,2,0,2,4,4
1220,0.6363636363636364,1,1,0,0,0,0,2
1221,0.6363636363636364,1,1,0,1,0,0,4
1222,0.5227272727272727,0,0,0,2,1,2,3
1223,0.11363636363636365,1,0,0,0,0,2,1
1224,0.13636363636363635,1,1,2,2,0,2,4
1225,0.11363636363636365,0,0,1,2,0,0,3
1226,0.4772727272727273,1,0,2,1,0,2,0
1227,0.3181818181818182,0,1,2,2,2,0,1
1228,0.1590909090909091,1,1,0,2,0,2,4
1229,0.4772727272727273,1,0,1,0,2,0,0
1230,0.11363636363636365,0,1,1,2,2,4,4
1231,0.13636363636363635,1,0,1,0,0,0,4
1232,0.1590909090909091,1,1,2,2,2,4,4
1233,0.11363636363636365,1,0,1,2,0,0,3
1234,0.13636363636363635,2,0,0,0,0,0,4
1235,0.11363636363636365,1,0,2,2,0,0,2
1236,0.9090909090909092,1,0,0,0,0,2,2
1237,0.2272727272727273,1,0,1,2,2,0,4
1238,0.2272727272727273,1,1,2,2,2,2,2
1239,0.2727272727272727,1,0,0,0,0,0,4
1240,0.29545454545454547,1,1,0,0,2,2,4
1241,0.29545454545454547,1,0,1,0,0,2,2
1242,0.2272727272727273,1,0,0,0,0,0,3
1243,0.5681818181818182,0,1,2,2,0,0,3
1244,0.3181818181818182,0,0,1,0,0,0,0
1245,0.09090909090909091,1,1,2,2,2,0,2
1246,0.3181818181818182,1,0,2,1,0,2,1
1247,0.4090909090909091,1,0,1,0,1,3,2
1248,0.5227272727272727,0,1,2,0,0,0,4
1249,0.2727272727272727,1,1,2,2,2,4,4
1250,0.2727272727272727,1,1,2,1,0,0,2
1251,0.4090909090909091,1,1,1,2,0,2,2
1252,0.25,1,1,2,2,2,0,4
1253,0.4090909090909091,1,1,0,0,0,2,3
1254,0.18181818181818182,1,0,1,0,0,2,0
1255,0.3181818181818182,1,1,2,2,2,1,2
1256,0.36363636363636365,1,1,2,2,0,1,4
1257,0.6363636363636364,0,0,1,2,0,0,0
1258,0.1590909090909091,1,1,2,2,2,0,4
